<?xml version="1.0" encoding="utf-8"?>
<COLLADA xmlns="http://www.collada.org/2005/11/COLLADASchema" version="1.4.1">
  <asset>
    <contributor>
      <author/>
      <authoring_tool>FBX COLLADA exporter</authoring_tool>
      <comments/>
    </contributor>
    <created>2021-05-07T10:36:08Z</created>
    <keywords/>
    <modified>2021-05-07T10:36:08Z</modified>
    <revision/>
    <subject/>
    <title/>
    <unit meter="0.010000" name="centimeter"/>
    <up_axis>Y_UP</up_axis>
  </asset>
  <library_materials>
    <material id="lambert2" name="lambert2">
      <instance_effect url="#lambert2-fx"/>
    </material>
  </library_materials>
  <library_effects>
    <effect id="lambert2-fx" name="lambert2">
      <profile_COMMON>
        <technique sid="standard">
          <lambert>
            <emission>
              <color sid="emission">0.000000  0.000000 0.000000 1.000000</color>
            </emission>
            <ambient>
              <color sid="ambient">0.000000  0.000000 0.000000 1.000000</color>
            </ambient>
            <diffuse>
              <color sid="diffuse">0.400000  0.400000 0.400000 1.000000</color>
            </diffuse>
            <transparent opaque="RGB_ZERO">
              <color sid="transparent">0.000000  0.000000 0.000000 1.000000</color>
            </transparent>
            <transparency>
              <float sid="transparency">1.000000</float>
            </transparency>
          </lambert>
        </technique>
      </profile_COMMON>
    </effect>
  </library_effects>
  <library_geometries>
    <geometry id="pTorus3-lib" name="pTorus3Mesh">
      <mesh>
        <source id="pTorus3-POSITION">
          <float_array id="pTorus3-POSITION-array" count="72">
-0.551725 1.827458 -0.318539
-0.551725 1.827458 0.318538
-0.000000 1.827458 0.637077
0.551725 1.827458 0.318539
0.551725 1.827458 -0.318539
0.000000 1.827458 -0.637077
-0.674331 1.827458 -0.389325
-0.674331 1.827458 0.389325
-0.000000 1.827458 0.778650
0.674331 1.827458 0.389325
0.674331 1.827458 -0.389325
0.000000 1.827458 -0.778650
-0.674331 1.582247 -0.389325
-0.674331 1.582247 0.389325
-0.000000 1.582247 0.778650
0.674331 1.582247 0.389325
0.674331 1.582247 -0.389325
0.000000 1.582247 -0.778650
-0.551725 1.582247 -0.318539
-0.551725 1.582247 0.318538
-0.000000 1.582247 0.637077
0.551725 1.582247 0.318539
0.551725 1.582247 -0.318539
0.000000 1.582247 -0.637077
</float_array>
          <technique_common>
            <accessor source="#pTorus3-POSITION-array" count="24" stride="3">
              <param name="X" type="float"/>
              <param name="Y" type="float"/>
              <param name="Z" type="float"/>
            </accessor>
          </technique_common>
        </source>
        <source id="pTorus3-Normal0">
          <float_array id="pTorus3-Normal0-array" count="432">
0.000000 1.000000 0.000000
0.000000 1.000000 0.000000
0.000000 1.000000 0.000000
0.000000 1.000000 0.000000
0.000000 1.000000 0.000000
0.000000 1.000000 0.000000
0.000000 1.000000 0.000000
0.000000 1.000000 0.000000
0.000000 1.000000 0.000000
0.000000 1.000000 0.000000
0.000000 1.000000 0.000000
0.000000 1.000000 0.000000
0.000000 1.000000 0.000001
0.000000 1.000000 0.000001
0.000000 1.000000 0.000001
0.000000 1.000000 0.000001
0.000000 1.000000 0.000001
0.000000 1.000000 0.000001
0.000000 1.000000 0.000000
0.000000 1.000000 0.000000
0.000000 1.000000 0.000000
0.000000 1.000000 0.000000
0.000000 1.000000 0.000000
0.000000 1.000000 0.000000
0.000000 1.000000 0.000000
0.000000 1.000000 0.000000
0.000000 1.000000 0.000000
0.000000 1.000000 0.000000
0.000000 1.000000 0.000000
0.000000 1.000000 0.000000
0.000000 1.000000 -0.000001
0.000000 1.000000 -0.000001
0.000000 1.000000 -0.000001
0.000000 1.000000 -0.000001
0.000000 1.000000 -0.000001
0.000000 1.000000 -0.000001
-1.000000 0.000000 -0.000000
-1.000000 0.000000 -0.000000
-1.000000 0.000000 -0.000000
-1.000000 0.000000 -0.000000
-1.000000 0.000000 -0.000000
-1.000000 0.000000 -0.000000
-0.500000 0.000000 0.866025
-0.500000 0.000000 0.866025
-0.500000 0.000000 0.866025
-0.500000 0.000000 0.866025
-0.500000 0.000000 0.866025
-0.500000 0.000000 0.866025
0.500000 0.000000 0.866026
0.500000 0.000000 0.866026
0.500000 0.000000 0.866026
0.500000 0.000000 0.866026
0.500000 0.000000 0.866026
0.500000 0.000000 0.866026
1.000000 0.000000 0.000000
1.000000 0.000000 0.000000
1.000000 0.000000 0.000000
1.000000 0.000000 0.000000
1.000000 0.000000 0.000000
1.000000 0.000000 0.000000
0.500000 0.000000 -0.866025
0.500000 0.000000 -0.866025
0.500000 0.000000 -0.866025
0.500000 0.000000 -0.866025
0.500000 0.000000 -0.866025
0.500000 0.000000 -0.866025
-0.500000 0.000000 -0.866025
-0.500000 0.000000 -0.866025
-0.500000 0.000000 -0.866025
-0.500000 0.000000 -0.866025
-0.500000 0.000000 -0.866025
-0.500000 0.000000 -0.866025
0.000001 -1.000000 -0.000000
0.000001 -1.000000 -0.000000
0.000001 -1.000000 -0.000000
0.000001 -1.000000 -0.000000
0.000001 -1.000000 -0.000000
0.000001 -1.000000 -0.000000
0.000000 -1.000000 -0.000001
0.000000 -1.000000 -0.000001
0.000000 -1.000000 -0.000001
0.000000 -1.000000 -0.000001
0.000000 -1.000000 -0.000001
0.000000 -1.000000 -0.000001
-0.000000 -1.000000 -0.000002
-0.000000 -1.000000 -0.000002
-0.000000 -1.000000 -0.000002
-0.000000 -1.000000 -0.000002
-0.000000 -1.000000 -0.000002
-0.000000 -1.000000 -0.000002
-0.000001 -1.000000 0.000000
-0.000001 -1.000000 0.000000
-0.000001 -1.000000 0.000000
-0.000001 -1.000000 0.000000
-0.000001 -1.000000 0.000000
-0.000001 -1.000000 0.000000
-0.000000 -1.000000 0.000000
-0.000000 -1.000000 0.000000
-0.000000 -1.000000 0.000000
-0.000000 -1.000000 0.000000
-0.000000 -1.000000 0.000000
-0.000000 -1.000000 0.000000
0.000000 -1.000000 0.000001
0.000000 -1.000000 0.000001
0.000000 -1.000000 0.000001
0.000000 -1.000000 0.000001
0.000000 -1.000000 0.000001
0.000000 -1.000000 0.000001
1.000000 0.000000 0.000000
1.000000 0.000000 0.000000
1.000000 0.000000 0.000000
1.000000 0.000000 0.000000
1.000000 0.000000 0.000000
1.000000 0.000000 0.000000
0.500000 0.000000 -0.866025
0.500000 0.000000 -0.866025
0.500000 0.000000 -0.866025
0.500000 0.000000 -0.866025
0.500000 0.000000 -0.866025
0.500000 0.000000 -0.866025
-0.500000 0.000000 -0.866026
-0.500000 0.000000 -0.866026
-0.500000 0.000000 -0.866026
-0.500000 0.000000 -0.866026
-0.500000 0.000000 -0.866026
-0.500000 0.000000 -0.866026
-1.000000 0.000000 -0.000000
-1.000000 0.000000 -0.000000
-1.000000 0.000000 -0.000000
-1.000000 0.000000 -0.000000
-1.000000 0.000000 -0.000000
-1.000000 0.000000 -0.000000
-0.500000 0.000000 0.866025
-0.500000 0.000000 0.866025
-0.500000 0.000000 0.866025
-0.500000 0.000000 0.866025
-0.500000 0.000000 0.866025
-0.500000 0.000000 0.866025
0.500000 0.000000 0.866026
0.500000 0.000000 0.866026
0.500000 0.000000 0.866026
0.500000 0.000000 0.866026
0.500000 0.000000 0.866026
0.500000 0.000000 0.866026
</float_array>
          <technique_common>
            <accessor source="#pTorus3-Normal0-array" count="144" stride="3">
              <param name="X" type="float"/>
              <param name="Y" type="float"/>
              <param name="Z" type="float"/>
            </accessor>
          </technique_common>
        </source>
        <source id="pTorus3-UV0">
          <float_array id="pTorus3-UV0-array" count="56">
0.000000 0.833333
0.166667 0.833333
0.333333 0.833333
0.500000 0.833333
0.666667 0.833333
0.833333 0.833333
1.000000 0.833333
0.000000 0.666667
0.166667 0.666667
0.333333 0.666667
0.500000 0.666667
0.666667 0.666667
0.833333 0.666667
1.000000 0.666667
0.000000 0.333333
0.166667 0.333333
0.333333 0.333333
0.500000 0.333333
0.666667 0.333333
0.833333 0.333333
1.000000 0.333333
0.000000 0.166667
0.166667 0.166667
0.333333 0.166667
0.500000 0.166667
0.666667 0.166667
0.833333 0.166667
1.000000 0.166667
</float_array>
          <technique_common>
            <accessor source="#pTorus3-UV0-array" count="28" stride="2">
              <param name="S" type="float"/>
              <param name="T" type="float"/>
            </accessor>
          </technique_common>
        </source>
        <vertices id="pTorus3-VERTEX">
          <input semantic="POSITION" source="#pTorus3-POSITION"/>
        </vertices>
        <triangles count="48" material="lambert2">
          <input semantic="VERTEX" offset="0" source="#pTorus3-VERTEX"/>
          <input semantic="NORMAL" offset="1" source="#pTorus3-Normal0"/>
          <input semantic="TEXCOORD" offset="2" set="0" source="#pTorus3-UV0"/>
          <p> 7 0 8 0 1 0 6 2 7 0 3 0 7 4 8 1 5 1 1 6 1 8 7 9 2 8 2 8 9 9 1 10 1 7 11 8 9 12 10 2 13 2 8 14 9 2 15 2 9 16 10 3 17 3 3 18 3 10 19 11 4 20 4 10 21 11 3 22 3 9 23 10 10 24 11 11 25 12 5 26 5 10 27 11 5 28 5 4 29 4 11 30 12 0 31 6 5 32 5 11 33 12 6 34 13 0 35 6 12 36 14 13 37 15 7 38 8 7 39 8 6 40 7 12 41 14 13 42 15 8 43 9 7 44 8 8 45 9 13 46 15 14 47 16 9 48 10 8 49 9 14 50 16 9 51 10 14 52 16 15 53 17 15 54 17 10 55 11 9 56 10 10 57 11 15 58 17 16 59 18 16 60 18 17 61 19 11 62 12 16 63 18 11 64 12 10 65 11 17 66 19 12 67 20 6 68 13 17 69 19 6 70 13 11 71 12 18 72 21 19 73 22 13 74 15 13 75 15 12 76 14 18 77 21 19 78 22 14 79 16 13 80 15 14 81 16 19 82 22 20 83 23 20 84 23 21 85 24 15 86 17 15 87 17 14 88 16 20 89 23 21 90 24 16 91 18 15 92 17 16 93 18 21 94 24 22 95 25 23 96 26 16 97 18 22 98 25 16 99 18 23 100 26 17 101 19 17 102 19 18 103 27 12 104 20 18 105 27 17 106 19 23 107 26 19 108 22 18 109 21 1 110 1 1 111 1 18 112 21 0 113 0 19 114 22 2 115 2 20 116 23 2 117 2 19 118 22 1 119 1 20 120 23 3 121 3 21 122 24 3 123 3 20 124 23 2 125 2 3 126 3 4 127 4 21 128 24 21 129 24 4 130 4 22 131 25 23 132 26 22 133 25 5 134 5 4 135 4 5 136 5 22 137 25 18 138 27 23 139 26 0 140 6 5 141 5 0 142 6 23 143 26</p>
        </triangles>
      </mesh>
    </geometry>
    <geometry id="pTorus2-lib" name="pTorus2Mesh">
      <mesh>
        <source id="pTorus2-POSITION">
          <float_array id="pTorus2-POSITION-array" count="72">
-1.167309 2.378799 0.259402
-1.167310 1.030906 0.259402
-0.000000 0.356960 0.259402
1.167309 1.030906 0.259402
1.167310 2.378799 0.259402
0.000000 3.052745 0.259402
-1.426711 2.528565 0.259402
-1.426712 0.881140 0.259402
-0.000000 0.057428 0.259402
1.426712 0.881140 0.259402
1.426712 2.528565 0.259402
0.000000 3.352277 0.259402
-1.426711 2.528565 -0.259402
-1.426712 0.881140 -0.259402
-0.000000 0.057428 -0.259402
1.426712 0.881140 -0.259402
1.426712 2.528565 -0.259402
0.000000 3.352277 -0.259402
-1.167309 2.378799 -0.259402
-1.167310 1.030906 -0.259402
-0.000000 0.356960 -0.259402
1.167309 1.030906 -0.259402
1.167310 2.378799 -0.259402
0.000000 3.052745 -0.259402
</float_array>
          <technique_common>
            <accessor source="#pTorus2-POSITION-array" count="24" stride="3">
              <param name="X" type="float"/>
              <param name="Y" type="float"/>
              <param name="Z" type="float"/>
            </accessor>
          </technique_common>
        </source>
        <source id="pTorus2-Normal0">
          <float_array id="pTorus2-Normal0-array" count="432">
-0.000000 0.000000 1.000000
-0.000000 0.000000 1.000000
-0.000000 0.000000 1.000000
-0.000000 0.000000 1.000000
-0.000000 0.000000 1.000000
-0.000000 0.000000 1.000000
-0.000000 0.000000 1.000000
-0.000000 0.000000 1.000000
-0.000000 0.000000 1.000000
-0.000000 0.000000 1.000000
-0.000000 0.000000 1.000000
-0.000000 0.000000 1.000000
0.000000 0.000000 1.000000
0.000000 0.000000 1.000000
0.000000 0.000000 1.000000
0.000000 0.000000 1.000000
0.000000 0.000000 1.000000
0.000000 0.000000 1.000000
-0.000000 0.000000 1.000000
-0.000000 0.000000 1.000000
-0.000000 0.000000 1.000000
-0.000000 0.000000 1.000000
-0.000000 0.000000 1.000000
-0.000000 0.000000 1.000000
-0.000000 0.000000 1.000000
-0.000000 0.000000 1.000000
-0.000000 0.000000 1.000000
-0.000000 0.000000 1.000000
-0.000000 0.000000 1.000000
-0.000000 0.000000 1.000000
-0.000000 0.000000 1.000000
-0.000000 0.000000 1.000000
-0.000000 0.000000 1.000000
-0.000000 0.000000 1.000000
-0.000000 0.000000 1.000000
-0.000000 0.000000 1.000000
-1.000000 0.000000 0.000000
-1.000000 0.000000 0.000000
-1.000000 0.000000 0.000000
-1.000000 0.000000 0.000000
-1.000000 0.000000 0.000000
-1.000000 0.000000 0.000000
-0.500000 -0.866025 0.000000
-0.500000 -0.866025 0.000000
-0.500000 -0.866025 0.000000
-0.500000 -0.866025 0.000000
-0.500000 -0.866025 0.000000
-0.500000 -0.866025 0.000000
0.500000 -0.866026 0.000000
0.500000 -0.866026 0.000000
0.500000 -0.866026 0.000000
0.500000 -0.866026 0.000000
0.500000 -0.866026 0.000000
0.500000 -0.866026 0.000000
1.000000 -0.000000 0.000000
1.000000 -0.000000 0.000000
1.000000 -0.000000 0.000000
1.000000 -0.000000 0.000000
1.000000 -0.000000 0.000000
1.000000 -0.000000 0.000000
0.500000 0.866025 0.000000
0.500000 0.866025 0.000000
0.500000 0.866025 0.000000
0.500000 0.866025 0.000000
0.500000 0.866025 0.000000
0.500000 0.866025 0.000000
-0.500000 0.866025 0.000000
-0.500000 0.866026 0.000000
-0.500000 0.866025 0.000000
-0.500000 0.866025 0.000000
-0.500000 0.866025 0.000000
-0.500000 0.866026 0.000000
0.000001 -0.000000 -1.000000
0.000001 -0.000000 -1.000000
0.000001 -0.000000 -1.000000
0.000001 -0.000000 -1.000000
0.000001 -0.000000 -1.000000
0.000001 -0.000000 -1.000000
0.000000 0.000000 -1.000000
0.000000 0.000000 -1.000000
0.000000 0.000000 -1.000000
0.000000 0.000000 -1.000000
0.000000 0.000000 -1.000000
0.000000 0.000000 -1.000000
-0.000000 0.000000 -1.000000
-0.000000 0.000000 -1.000000
-0.000000 0.000000 -1.000000
-0.000000 0.000000 -1.000000
-0.000000 0.000000 -1.000000
-0.000000 0.000000 -1.000000
-0.000000 0.000000 -1.000000
-0.000000 0.000000 -1.000000
-0.000000 0.000000 -1.000000
-0.000000 0.000000 -1.000000
-0.000000 0.000000 -1.000000
-0.000000 0.000000 -1.000000
-0.000000 -0.000000 -1.000000
-0.000000 -0.000000 -1.000000
-0.000000 -0.000000 -1.000000
-0.000000 -0.000000 -1.000000
-0.000000 -0.000000 -1.000000
-0.000000 -0.000000 -1.000000
0.000000 -0.000000 -1.000000
0.000000 -0.000000 -1.000000
0.000000 -0.000000 -1.000000
0.000000 -0.000000 -1.000000
0.000000 -0.000000 -1.000000
0.000000 -0.000000 -1.000000
1.000000 -0.000000 0.000000
1.000000 -0.000000 0.000000
1.000000 -0.000000 0.000000
1.000000 -0.000000 0.000000
1.000000 -0.000000 0.000000
1.000000 -0.000000 0.000000
0.500000 0.866025 0.000000
0.500000 0.866025 0.000000
0.500000 0.866025 0.000000
0.500000 0.866025 0.000000
0.500000 0.866025 0.000000
0.500000 0.866025 0.000000
-0.500000 0.866026 0.000000
-0.500000 0.866026 0.000000
-0.500000 0.866026 0.000000
-0.500000 0.866026 0.000000
-0.500000 0.866026 0.000000
-0.500000 0.866026 0.000000
-1.000000 0.000000 -0.000000
-1.000000 0.000000 -0.000000
-1.000000 0.000000 -0.000000
-1.000000 0.000000 -0.000000
-1.000000 0.000000 -0.000000
-1.000000 0.000000 -0.000000
-0.500000 -0.866025 0.000000
-0.500000 -0.866026 0.000000
-0.500000 -0.866026 0.000000
-0.500000 -0.866026 0.000000
-0.500000 -0.866026 0.000000
-0.500000 -0.866026 0.000000
0.500000 -0.866026 0.000000
0.500000 -0.866026 0.000000
0.500000 -0.866026 0.000000
0.500000 -0.866026 0.000000
0.500000 -0.866026 0.000000
0.500000 -0.866026 0.000000
</float_array>
          <technique_common>
            <accessor source="#pTorus2-Normal0-array" count="144" stride="3">
              <param name="X" type="float"/>
              <param name="Y" type="float"/>
              <param name="Z" type="float"/>
            </accessor>
          </technique_common>
        </source>
        <source id="pTorus2-UV0">
          <float_array id="pTorus2-UV0-array" count="56">
0.000000 0.833333
0.166667 0.833333
0.333333 0.833333
0.500000 0.833333
0.666667 0.833333
0.833333 0.833333
1.000000 0.833333
0.000000 0.666667
0.166667 0.666667
0.333333 0.666667
0.500000 0.666667
0.666667 0.666667
0.833333 0.666667
1.000000 0.666667
0.000000 0.333333
0.166667 0.333333
0.333333 0.333333
0.500000 0.333333
0.666667 0.333333
0.833333 0.333333
1.000000 0.333333
0.000000 0.166667
0.166667 0.166667
0.333333 0.166667
0.500000 0.166667
0.666667 0.166667
0.833333 0.166667
1.000000 0.166667
</float_array>
          <technique_common>
            <accessor source="#pTorus2-UV0-array" count="28" stride="2">
              <param name="S" type="float"/>
              <param name="T" type="float"/>
            </accessor>
          </technique_common>
        </source>
        <vertices id="pTorus2-VERTEX">
          <input semantic="POSITION" source="#pTorus2-POSITION"/>
        </vertices>
        <triangles count="48" material="lambert2">
          <input semantic="VERTEX" offset="0" source="#pTorus2-VERTEX"/>
          <input semantic="NORMAL" offset="1" source="#pTorus2-Normal0"/>
          <input semantic="TEXCOORD" offset="2" set="0" source="#pTorus2-UV0"/>
          <p> 0 0 0 7 1 8 1 2 1 7 3 8 0 4 0 6 5 7 8 6 9 1 7 1 7 8 8 1 9 1 8 10 9 2 11 2 8 12 9 3 13 3 2 14 2 8 15 9 9 16 10 3 17 3 10 18 11 3 19 3 9 20 10 3 21 3 10 22 11 4 23 4 4 24 4 11 25 12 5 26 5 11 27 12 4 28 4 10 29 11 11 30 12 6 31 13 0 32 6 11 33 12 0 34 6 5 35 5 6 36 7 13 37 15 7 38 8 13 39 15 6 40 7 12 41 14 8 42 9 7 43 8 13 44 15 8 45 9 13 46 15 14 47 16 8 48 9 15 49 17 9 50 10 15 51 17 8 52 9 14 53 16 9 54 10 16 55 18 10 56 11 16 57 18 9 58 10 15 59 17 10 60 11 17 61 19 11 62 12 17 63 19 10 64 11 16 65 18 6 66 13 11 67 12 17 68 19 6 69 13 17 70 19 12 71 20 18 72 21 19 73 22 13 74 15 13 75 15 12 76 14 18 77 21 19 78 22 14 79 16 13 80 15 14 81 16 19 82 22 20 83 23 21 84 24 14 85 16 20 86 23 14 87 16 21 88 24 15 89 17 15 90 17 22 91 25 16 92 18 22 93 25 15 94 17 21 95 24 23 96 26 16 97 18 22 98 25 16 99 18 23 100 26 17 101 19 17 102 19 18 103 27 12 104 20 18 105 27 17 106 19 23 107 26 19 108 22 18 109 21 1 110 1 0 111 0 1 112 1 18 113 21 20 114 23 19 115 22 2 116 2 1 117 1 2 118 2 19 119 22 21 120 24 20 121 23 3 122 3 2 123 2 3 124 3 20 125 23 22 126 25 3 127 3 4 128 4 3 129 3 22 130 25 21 131 24 23 132 26 22 133 25 5 134 5 4 135 4 5 136 5 22 137 25 18 138 27 5 139 5 0 140 6 5 141 5 18 142 27 23 143 26</p>
        </triangles>
      </mesh>
    </geometry>
    <geometry id="pTorus1-lib" name="pTorus1Mesh">
      <mesh>
        <source id="pTorus1-POSITION">
          <float_array id="pTorus1-POSITION-array" count="72">
-0.173205 2.154853 -0.779423
-0.173205 1.254853 -0.779423
-0.173205 0.804852 -0.000000
-0.173205 1.254852 0.779423
-0.173205 2.154852 0.779423
-0.173205 2.604852 0.000000
-0.173205 2.254853 -0.952628
-0.173205 1.154853 -0.952628
-0.173205 0.604852 -0.000000
-0.173205 1.154852 0.952628
-0.173205 2.254853 0.952628
-0.173205 2.804852 0.000000
0.173205 2.254853 -0.952628
0.173205 1.154853 -0.952628
0.173205 0.604852 -0.000000
0.173205 1.154852 0.952628
0.173205 2.254853 0.952628
0.173205 2.804852 0.000000
0.173205 2.154853 -0.779423
0.173205 1.254853 -0.779423
0.173205 0.804852 -0.000000
0.173205 1.254852 0.779423
0.173205 2.154852 0.779423
0.173205 2.604852 0.000000
</float_array>
          <technique_common>
            <accessor source="#pTorus1-POSITION-array" count="24" stride="3">
              <param name="X" type="float"/>
              <param name="Y" type="float"/>
              <param name="Z" type="float"/>
            </accessor>
          </technique_common>
        </source>
        <source id="pTorus1-Normal0">
          <float_array id="pTorus1-Normal0-array" count="432">
-1.000000 0.000000 -0.000000
-1.000000 0.000000 -0.000000
-1.000000 0.000000 -0.000000
-1.000000 0.000000 -0.000000
-1.000000 0.000000 -0.000000
-1.000000 0.000000 -0.000000
-1.000000 -0.000000 -0.000000
-1.000000 -0.000000 -0.000000
-1.000000 -0.000000 -0.000000
-1.000000 -0.000000 -0.000000
-1.000000 -0.000000 -0.000000
-1.000000 -0.000000 -0.000000
-1.000000 -0.000000 0.000000
-1.000000 -0.000000 0.000000
-1.000000 -0.000000 0.000000
-1.000000 -0.000000 0.000000
-1.000000 -0.000000 0.000000
-1.000000 -0.000000 0.000000
-1.000000 0.000000 0.000000
-1.000000 0.000000 0.000000
-1.000000 0.000000 0.000000
-1.000000 0.000000 0.000000
-1.000000 0.000000 0.000000
-1.000000 0.000000 0.000000
-1.000000 0.000000 0.000000
-1.000000 0.000000 0.000000
-1.000000 0.000000 0.000000
-1.000000 0.000000 0.000000
-1.000000 0.000000 0.000000
-1.000000 0.000000 0.000000
-1.000000 0.000000 -0.000000
-1.000000 0.000000 -0.000000
-1.000000 0.000000 -0.000000
-1.000000 0.000000 -0.000000
-1.000000 0.000000 -0.000000
-1.000000 0.000000 -0.000000
0.000000 0.000000 -1.000000
0.000000 0.000000 -1.000000
0.000000 0.000000 -1.000000
0.000000 0.000000 -1.000000
0.000000 0.000000 -1.000000
0.000000 0.000000 -1.000000
0.000000 -0.866025 -0.500000
0.000000 -0.866025 -0.500000
0.000000 -0.866025 -0.500000
0.000000 -0.866025 -0.500000
0.000000 -0.866025 -0.500000
0.000000 -0.866025 -0.500000
0.000000 -0.866026 0.500000
0.000000 -0.866026 0.500000
0.000000 -0.866026 0.500000
0.000000 -0.866026 0.500000
0.000000 -0.866026 0.500000
0.000000 -0.866026 0.500000
0.000000 -0.000000 1.000000
0.000000 -0.000000 1.000000
0.000000 -0.000000 1.000000
0.000000 -0.000000 1.000000
0.000000 -0.000000 1.000000
0.000000 -0.000000 1.000000
0.000000 0.866025 0.500000
0.000000 0.866025 0.500000
0.000000 0.866025 0.500000
0.000000 0.866025 0.500000
0.000000 0.866025 0.500000
0.000000 0.866025 0.500000
0.000000 0.866026 -0.500000
0.000000 0.866026 -0.500000
0.000000 0.866026 -0.500000
0.000000 0.866026 -0.500000
0.000000 0.866026 -0.500000
0.000000 0.866026 -0.500000
1.000000 -0.000000 0.000000
1.000000 -0.000000 0.000000
1.000000 -0.000000 0.000000
1.000000 -0.000000 0.000000
1.000000 -0.000000 0.000000
1.000000 -0.000000 0.000000
1.000000 0.000000 0.000000
1.000000 0.000000 0.000000
1.000000 0.000000 0.000000
1.000000 0.000000 0.000000
1.000000 0.000000 0.000000
1.000000 0.000000 0.000000
1.000000 0.000000 -0.000000
1.000000 0.000000 -0.000000
1.000000 0.000000 -0.000000
1.000000 0.000000 -0.000000
1.000000 0.000000 -0.000000
1.000000 0.000000 -0.000000
1.000000 -0.000000 -0.000000
1.000000 -0.000000 -0.000000
1.000000 -0.000000 -0.000000
1.000000 -0.000000 -0.000000
1.000000 -0.000000 -0.000000
1.000000 -0.000000 -0.000000
1.000000 -0.000000 -0.000000
1.000000 -0.000000 -0.000000
1.000000 -0.000000 -0.000000
1.000000 -0.000000 -0.000000
1.000000 -0.000000 -0.000000
1.000000 -0.000000 -0.000000
1.000000 -0.000000 0.000000
1.000000 -0.000000 0.000000
1.000000 -0.000000 0.000000
1.000000 -0.000000 0.000000
1.000000 -0.000000 0.000000
1.000000 -0.000000 0.000000
0.000000 -0.000000 1.000000
0.000000 -0.000000 1.000000
0.000000 -0.000000 1.000000
0.000000 -0.000000 1.000000
0.000000 -0.000000 1.000000
0.000000 -0.000000 1.000000
0.000000 0.866025 0.500000
0.000000 0.866025 0.500000
0.000000 0.866025 0.500000
0.000000 0.866025 0.500000
0.000000 0.866025 0.500000
0.000000 0.866025 0.500000
0.000000 0.866026 -0.500000
0.000000 0.866026 -0.500000
0.000000 0.866026 -0.500000
0.000000 0.866026 -0.500000
0.000000 0.866026 -0.500000
0.000000 0.866026 -0.500000
0.000000 0.000000 -1.000000
0.000000 0.000000 -1.000000
0.000000 0.000000 -1.000000
0.000000 0.000000 -1.000000
0.000000 0.000000 -1.000000
0.000000 0.000000 -1.000000
0.000000 -0.866025 -0.500000
0.000000 -0.866025 -0.500000
0.000000 -0.866025 -0.500000
0.000000 -0.866025 -0.500000
0.000000 -0.866025 -0.500000
0.000000 -0.866025 -0.500000
0.000000 -0.866025 0.500000
0.000000 -0.866025 0.500000
0.000000 -0.866025 0.500000
0.000000 -0.866025 0.500000
0.000000 -0.866025 0.500000
0.000000 -0.866025 0.500000
</float_array>
          <technique_common>
            <accessor source="#pTorus1-Normal0-array" count="144" stride="3">
              <param name="X" type="float"/>
              <param name="Y" type="float"/>
              <param name="Z" type="float"/>
            </accessor>
          </technique_common>
        </source>
        <source id="pTorus1-UV0">
          <float_array id="pTorus1-UV0-array" count="56">
0.000000 0.833333
0.166667 0.833333
0.333333 0.833333
0.500000 0.833333
0.666667 0.833333
0.833333 0.833333
1.000000 0.833333
0.000000 0.666667
0.166667 0.666667
0.333333 0.666667
0.500000 0.666667
0.666667 0.666667
0.833333 0.666667
1.000000 0.666667
0.000000 0.333333
0.166667 0.333333
0.333333 0.333333
0.500000 0.333333
0.666667 0.333333
0.833333 0.333333
1.000000 0.333333
0.000000 0.166667
0.166667 0.166667
0.333333 0.166667
0.500000 0.166667
0.666667 0.166667
0.833333 0.166667
1.000000 0.166667
</float_array>
          <technique_common>
            <accessor source="#pTorus1-UV0-array" count="28" stride="2">
              <param name="S" type="float"/>
              <param name="T" type="float"/>
            </accessor>
          </technique_common>
        </source>
        <vertices id="pTorus1-VERTEX">
          <input semantic="POSITION" source="#pTorus1-POSITION"/>
        </vertices>
        <triangles count="48" material="lambert2">
          <input semantic="VERTEX" offset="0" source="#pTorus1-VERTEX"/>
          <input semantic="NORMAL" offset="1" source="#pTorus1-Normal0"/>
          <input semantic="TEXCOORD" offset="2" set="0" source="#pTorus1-UV0"/>
          <p> 0 0 0 7 1 8 1 2 1 7 3 8 0 4 0 6 5 7 7 6 8 8 7 9 2 8 2 7 9 8 2 10 2 1 11 1 3 12 3 2 13 2 8 14 9 3 15 3 8 16 9 9 17 10 9 18 10 10 19 11 4 20 4 9 21 10 4 22 4 3 23 3 10 24 11 5 25 5 4 26 4 5 27 5 10 28 11 11 29 12 6 30 13 5 31 5 11 32 12 5 33 5 6 34 13 0 35 6 13 36 15 6 37 7 12 38 14 6 39 7 13 40 15 7 41 8 13 42 15 14 43 16 8 44 9 8 45 9 7 46 8 13 47 15 15 48 17 8 49 9 14 50 16 8 51 9 15 52 17 9 53 10 15 54 17 16 55 18 10 56 11 10 57 11 9 58 10 15 59 17 16 60 18 11 61 12 10 62 11 11 63 12 16 64 18 17 65 19 17 66 19 6 67 13 11 68 12 6 69 13 17 70 19 12 71 20 13 72 15 12 73 14 18 74 21 13 75 15 18 76 21 19 77 22 13 78 15 20 79 23 14 80 16 20 81 23 13 82 15 19 83 22 14 84 16 21 85 24 15 86 17 21 87 24 14 88 16 20 89 23 15 90 17 22 91 25 16 92 18 22 93 25 15 94 17 21 95 24 16 96 18 23 97 26 17 98 19 23 99 26 16 100 18 22 101 25 12 102 20 17 103 19 23 104 26 12 105 20 23 106 26 18 107 27 0 108 0 19 109 22 18 110 21 19 111 22 0 112 0 1 113 1 19 114 22 2 115 2 20 116 23 2 117 2 19 118 22 1 119 1 21 120 24 2 121 2 3 122 3 2 123 2 21 124 24 20 125 23 3 126 3 4 127 4 21 128 24 21 129 24 4 130 4 22 131 25 4 132 4 5 133 5 22 134 25 22 135 25 5 136 5 23 137 26 5 138 5 0 139 6 23 140 26 23 141 26 0 142 6 18 143 27</p>
        </triangles>
      </mesh>
    </geometry>
  </library_geometries>
  <library_animations>
    <animation id="pTorus3-anim" name="pTorus3">
      <animation>
        <source id="pTorus3-Matrix-animation-input">
          <float_array id="pTorus3-Matrix-animation-input-array" count="120">

0.041667 0.083333 0.125000 0.166667 0.208333 0.250000 0.291667 0.333333 0.375000 0.416667 0.458333 0.500000 0.541667 0.583333 0.625000 0.666667
0.708333 0.750000 0.791667 0.833333 0.875000 0.916667 0.958333 1.000000 1.041667 1.083333 1.125000 1.166667 1.208333 1.250000 1.291667 1.333333
1.375000 1.416667 1.458333 1.500000 1.541667 1.583333 1.625000 1.666667 1.708333 1.750000 1.791667 1.833333 1.875000 1.916667 1.958333 2.000000
2.041667 2.083333 2.125000 2.166667 2.208333 2.250000 2.291667 2.333333 2.375000 2.416667 2.458333 2.500000 2.541667 2.583333 2.625000 2.666667
2.708333 2.750000 2.791667 2.833333 2.875000 2.916667 2.958333 3.000000 3.041667 3.083333 3.125000 3.166667 3.208333 3.250000 3.291667 3.333333
3.375000 3.416667 3.458333 3.500000 3.541667 3.583333 3.625000 3.666667 3.708333 3.750000 3.791667 3.833333 3.875000 3.916667 3.958333 4.000000
4.041667 4.083333 4.125000 4.166667 4.208333 4.250000 4.291667 4.333333 4.375000 4.416667 4.458333 4.500000 4.541667 4.583333 4.625000 4.666667
4.708333 4.750000 4.791667 4.833333 4.875000 4.916667 4.958333 5.000000</float_array>
          <technique_common>
            <accessor source="#pTorus3-Matrix-animation-input-array" count="120">
              <param name="TIME" type="float"/>
            </accessor>
          </technique_common>
        </source>
        <source id="pTorus3-Matrix-animation-output-transform">
          <float_array id="pTorus3-Matrix-animation-output-transform-array" count="1920">

1.000000 0.000000 0.000000 0.000000 0.000000 1.000000 0.000000 0.000000 0.000000 0.000000 1.000000 0.000000 0.000000 0.000000 0.000000 1.000000
1.000000 0.000000 0.000000 0.000000 0.000000 0.999652 -0.026397 0.000594 0.000000 0.026397 0.999652 -0.045003 0.000000 0.000000 0.000000 1.000000
1.000000 0.000000 0.000000 0.000000 0.000000 0.998606 -0.052775 0.002376 0.000000 0.052775 0.998606 -0.089974 0.000000 0.000000 0.000000 1.000000
1.000000 0.000000 0.000000 0.000000 0.000000 0.996865 -0.079117 0.005344 0.000000 0.079117 0.996865 -0.134883 0.000000 0.000000 0.000000 1.000000
1.000000 0.000000 0.000000 0.000000 0.000000 0.994430 -0.105404 0.009497 0.000000 0.105404 0.994430 -0.179698 0.000000 0.000000 0.000000 1.000000
1.000000 0.000000 0.000000 0.000000 0.000000 0.991301 -0.131617 0.014831 0.000000 0.131617 0.991301 -0.224387 0.000000 0.000000 0.000000 1.000000
1.000000 0.000000 0.000000 0.000000 0.000000 0.987481 -0.157738 0.021343 0.000000 0.157738 0.987481 -0.268920 0.000000 0.000000 0.000000 1.000000
1.000000 0.000000 0.000000 0.000000 0.000000 0.982973 -0.183750 0.029028 0.000000 0.183750 0.982973 -0.313266 0.000000 0.000000 0.000000 1.000000
1.000000 0.000000 0.000000 0.000000 0.000000 0.977780 -0.209633 0.037882 0.000000 0.209633 0.977780 -0.357393 0.000000 0.000000 0.000000 1.000000
1.000000 0.000000 0.000000 0.000000 0.000000 0.971906 -0.235370 0.047896 0.000000 0.235370 0.971906 -0.401271 0.000000 0.000000 0.000000 1.000000
1.000000 0.000000 0.000000 0.000000 0.000000 0.965354 -0.260943 0.059066 0.000000 0.260943 0.965354 -0.444870 0.000000 0.000000 0.000000 1.000000
1.000000 0.000000 0.000000 0.000000 0.000000 0.958130 -0.286335 0.071383 0.000000 0.286335 0.958130 -0.488159 0.000000 0.000000 0.000000 1.000000
1.000000 0.000000 0.000000 0.000000 0.000000 0.950237 -0.311527 0.084838 0.000000 0.311527 0.950237 -0.531107 0.000000 0.000000 0.000000 1.000000
1.000000 0.000000 0.000000 0.000000 0.000000 0.941683 -0.336501 0.099422 0.000000 0.336501 0.941683 -0.573685 0.000000 0.000000 0.000000 1.000000
1.000000 0.000000 0.000000 0.000000 0.000000 0.932472 -0.361242 0.115125 0.000000 0.361242 0.932472 -0.615864 0.000000 0.000000 0.000000 1.000000
1.000000 0.000000 0.000000 0.000000 0.000000 0.922612 -0.385730 0.131936 0.000000 0.385730 0.922612 -0.657613 0.000000 0.000000 0.000000 1.000000
1.000000 0.000000 0.000000 0.000000 0.000000 0.912108 -0.409950 0.149843 0.000000 0.409950 0.912108 -0.698904 0.000000 0.000000 0.000000 1.000000
1.000000 0.000000 0.000000 0.000000 0.000000 0.900969 -0.433884 0.168833 0.000000 0.433884 0.900969 -0.739708 0.000000 0.000000 0.000000 1.000000
1.000000 0.000000 0.000000 0.000000 0.000000 0.889202 -0.457515 0.188895 0.000000 0.457515 0.889202 -0.779996 0.000000 0.000000 0.000000 1.000000
1.000000 0.000000 0.000000 0.000000 0.000000 0.876815 -0.480828 0.210012 0.000000 0.480828 0.876815 -0.819741 0.000000 0.000000 0.000000 1.000000
1.000000 0.000000 0.000000 0.000000 0.000000 0.863817 -0.503806 0.232172 0.000000 0.503806 0.863817 -0.858914 0.000000 0.000000 0.000000 1.000000
1.000000 0.000000 0.000000 0.000000 0.000000 0.850217 -0.526432 0.255358 0.000000 0.526432 0.850217 -0.897489 0.000000 0.000000 0.000000 1.000000
1.000000 0.000000 0.000000 0.000000 0.000000 0.836025 -0.548692 0.279554 0.000000 0.548692 0.836025 -0.935439 0.000000 0.000000 0.000000 1.000000
1.000000 0.000000 0.000000 0.000000 0.000000 0.821250 -0.570569 0.304743 0.000000 0.570569 0.821250 -0.972736 0.000000 0.000000 0.000000 1.000000
1.000000 0.000000 0.000000 0.000000 0.000000 0.805902 -0.592049 0.330908 0.000000 0.592049 0.805902 -1.009356 0.000000 0.000000 0.000000 1.000000
1.000000 0.000000 0.000000 0.000000 0.000000 0.789993 -0.613116 0.358031 0.000000 0.613116 0.789993 -1.045272 0.000000 0.000000 0.000000 1.000000
1.000000 0.000000 0.000000 0.000000 0.000000 0.773534 -0.633755 0.386092 0.000000 0.633755 0.773534 -1.080459 0.000000 0.000000 0.000000 1.000000
1.000000 0.000000 0.000000 0.000000 0.000000 0.756535 -0.653953 0.415072 0.000000 0.653953 0.756535 -1.114894 0.000000 0.000000 0.000000 1.000000
1.000000 0.000000 0.000000 0.000000 0.000000 0.739009 -0.673696 0.444951 0.000000 0.673696 0.739009 -1.148552 0.000000 0.000000 0.000000 1.000000
1.000000 0.000000 0.000000 0.000000 0.000000 0.720968 -0.692968 0.475709 0.000000 0.692968 0.720968 -1.181409 0.000000 0.000000 0.000000 1.000000
1.000000 0.000000 0.000000 0.000000 0.000000 0.702424 -0.711758 0.507322 0.000000 0.711758 0.702424 -1.213443 0.000000 0.000000 0.000000 1.000000
1.000000 0.000000 0.000000 0.000000 0.000000 0.683392 -0.730052 0.539771 0.000000 0.730052 0.683392 -1.244631 0.000000 0.000000 0.000000 1.000000
1.000000 0.000000 0.000000 0.000000 0.000000 0.663882 -0.747837 0.573031 0.000000 0.747837 0.663882 -1.274952 0.000000 0.000000 0.000000 1.000000
1.000000 0.000000 0.000000 0.000000 0.000000 0.643910 -0.765101 0.607080 0.000000 0.765101 0.643910 -1.304384 0.000000 0.000000 0.000000 1.000000
1.000000 0.000000 0.000000 0.000000 0.000000 0.623490 -0.781831 0.641894 0.000000 0.781831 0.623490 -1.332907 0.000000 0.000000 0.000000 1.000000
1.000000 0.000000 0.000000 0.000000 0.000000 0.602635 -0.798017 0.677449 0.000000 0.798017 0.602635 -1.360502 0.000000 0.000000 0.000000 1.000000
1.000000 0.000000 0.000000 0.000000 0.000000 0.581359 -0.813647 0.713720 0.000000 0.813647 0.581359 -1.387148 0.000000 0.000000 0.000000 1.000000
1.000000 0.000000 0.000000 0.000000 0.000000 0.559679 -0.828709 0.750682 0.000000 0.828709 0.559679 -1.412827 0.000000 0.000000 0.000000 1.000000
1.000000 0.000000 0.000000 0.000000 0.000000 0.537609 -0.843194 0.788309 0.000000 0.843194 0.537609 -1.437522 0.000000 0.000000 0.000000 1.000000
1.000000 0.000000 0.000000 0.000000 0.000000 0.515164 -0.857092 0.826574 0.000000 0.857092 0.515164 -1.461215 0.000000 0.000000 0.000000 1.000000
1.000000 0.000000 0.000000 0.000000 0.000000 0.492360 -0.870392 0.865452 0.000000 0.870392 0.492360 -1.483890 0.000000 0.000000 0.000000 1.000000
1.000000 0.000000 0.000000 0.000000 0.000000 0.469212 -0.883085 0.904914 0.000000 0.883085 0.469212 -1.505530 0.000000 0.000000 0.000000 1.000000
1.000000 0.000000 0.000000 0.000000 0.000000 0.445738 -0.895163 0.944934 0.000000 0.895163 0.445738 -1.526121 0.000000 0.000000 0.000000 1.000000
1.000000 0.000000 0.000000 0.000000 0.000000 0.421954 -0.906617 0.985484 0.000000 0.906617 0.421954 -1.545649 0.000000 0.000000 0.000000 1.000000
1.000000 0.000000 0.000000 0.000000 0.000000 0.397875 -0.917440 1.026535 0.000000 0.917440 0.397875 -1.564100 0.000000 0.000000 0.000000 1.000000
1.000000 0.000000 0.000000 0.000000 0.000000 0.373518 -0.927623 1.068059 0.000000 0.927623 0.373518 -1.581460 0.000000 0.000000 0.000000 1.000000
1.000000 0.000000 0.000000 0.000000 0.000000 0.348902 -0.937159 1.110026 0.000000 0.937159 0.348902 -1.597718 0.000000 0.000000 0.000000 1.000000
1.000000 0.000000 0.000000 0.000000 0.000000 0.324042 -0.946043 1.152408 0.000000 0.946043 0.324042 -1.612863 0.000000 0.000000 0.000000 1.000000
1.000000 0.000000 0.000000 0.000000 0.000000 0.298957 -0.954267 1.195175 0.000000 0.954267 0.298957 -1.626884 0.000000 0.000000 0.000000 1.000000
1.000000 0.000000 0.000000 0.000000 0.000000 0.273663 -0.961826 1.238297 0.000000 0.961826 0.273663 -1.639771 0.000000 0.000000 0.000000 1.000000
1.000000 0.000000 0.000000 0.000000 0.000000 0.248178 -0.968714 1.281745 0.000000 0.968714 0.248178 -1.651515 0.000000 0.000000 0.000000 1.000000
1.000000 0.000000 0.000000 0.000000 0.000000 0.222521 -0.974928 1.325487 0.000000 0.974928 0.222521 -1.662108 0.000000 0.000000 0.000000 1.000000
1.000000 0.000000 0.000000 0.000000 0.000000 0.196708 -0.980462 1.369494 0.000000 0.980462 0.196708 -1.671543 0.000000 0.000000 0.000000 1.000000
1.000000 0.000000 0.000000 0.000000 0.000000 0.170759 -0.985313 1.413734 0.000000 0.985313 0.170759 -1.679813 0.000000 0.000000 0.000000 1.000000
1.000000 0.000000 0.000000 0.000000 0.000000 0.144690 -0.989477 1.458177 0.000000 0.989477 0.144690 -1.686912 0.000000 0.000000 0.000000 1.000000
1.000000 0.000000 0.000000 0.000000 0.000000 0.118521 -0.992952 1.502792 0.000000 0.992952 0.118521 -1.692836 0.000000 0.000000 0.000000 1.000000
1.000000 0.000000 0.000000 0.000000 0.000000 0.092268 -0.995734 1.547548 0.000000 0.995734 0.092268 -1.697580 0.000000 0.000000 0.000000 1.000000
1.000000 0.000000 0.000000 0.000000 0.000000 0.065952 -0.997823 1.592414 0.000000 0.997823 0.065952 -1.701141 0.000000 0.000000 0.000000 1.000000
1.000000 0.000000 0.000000 0.000000 0.000000 0.039590 -0.999216 1.637358 0.000000 0.999216 0.039590 -1.703516 0.000000 0.000000 0.000000 1.000000
1.000000 0.000000 0.000000 0.000000 0.000000 0.013200 -0.999913 1.682349 0.000000 0.999913 0.013200 -1.704704 0.000000 0.000000 0.000000 1.000000
1.000000 0.000000 0.000000 0.000000 0.000000 -0.013200 -0.999913 1.727356 0.000000 0.999913 -0.013200 -1.704704 0.000000 0.000000 0.000000 1.000000
1.000000 0.000000 0.000000 0.000000 0.000000 -0.039590 -0.999216 1.772347 0.000000 0.999216 -0.039590 -1.703516 0.000000 0.000000 0.000000 1.000000
1.000000 0.000000 0.000000 0.000000 0.000000 -0.065952 -0.997823 1.817291 0.000000 0.997823 -0.065952 -1.701141 0.000000 0.000000 0.000000 1.000000
1.000000 0.000000 0.000000 0.000000 0.000000 -0.092268 -0.995734 1.862157 0.000000 0.995734 -0.092268 -1.697580 0.000000 0.000000 0.000000 1.000000
1.000000 0.000000 0.000000 0.000000 0.000000 -0.118520 -0.992952 1.906912 0.000000 0.992952 -0.118520 -1.692836 0.000000 0.000000 0.000000 1.000000
1.000000 0.000000 0.000000 0.000000 0.000000 -0.144690 -0.989477 1.951527 0.000000 0.989477 -0.144690 -1.686912 0.000000 0.000000 0.000000 1.000000
1.000000 0.000000 0.000000 0.000000 0.000000 -0.170759 -0.985313 1.995971 0.000000 0.985313 -0.170759 -1.679813 0.000000 0.000000 0.000000 1.000000
1.000000 0.000000 0.000000 0.000000 0.000000 -0.196708 -0.980462 2.040211 0.000000 0.980462 -0.196708 -1.671543 0.000000 0.000000 0.000000 1.000000
1.000000 0.000000 0.000000 0.000000 0.000000 -0.222521 -0.974928 2.084218 0.000000 0.974928 -0.222521 -1.662108 0.000000 0.000000 0.000000 1.000000
1.000000 0.000000 0.000000 0.000000 0.000000 -0.248178 -0.968714 2.127960 0.000000 0.968714 -0.248178 -1.651515 0.000000 0.000000 0.000000 1.000000
1.000000 0.000000 0.000000 0.000000 0.000000 -0.273663 -0.961826 2.171407 0.000000 0.961826 -0.273663 -1.639771 0.000000 0.000000 0.000000 1.000000
1.000000 0.000000 0.000000 0.000000 0.000000 -0.298957 -0.954267 2.214530 0.000000 0.954267 -0.298957 -1.626884 0.000000 0.000000 0.000000 1.000000
1.000000 0.000000 0.000000 0.000000 0.000000 -0.324042 -0.946043 2.257297 0.000000 0.946043 -0.324042 -1.612863 0.000000 0.000000 0.000000 1.000000
1.000000 0.000000 0.000000 0.000000 0.000000 -0.348902 -0.937159 2.299679 0.000000 0.937159 -0.348902 -1.597718 0.000000 0.000000 0.000000 1.000000
1.000000 0.000000 0.000000 0.000000 0.000000 -0.373519 -0.927623 2.341646 0.000000 0.927623 -0.373519 -1.581460 0.000000 0.000000 0.000000 1.000000
1.000000 0.000000 0.000000 0.000000 0.000000 -0.397875 -0.917440 2.383170 0.000000 0.917440 -0.397875 -1.564100 0.000000 0.000000 0.000000 1.000000
1.000000 0.000000 0.000000 0.000000 0.000000 -0.421954 -0.906617 2.424221 0.000000 0.906617 -0.421954 -1.545649 0.000000 0.000000 0.000000 1.000000
1.000000 0.000000 0.000000 0.000000 0.000000 -0.445738 -0.895163 2.464771 0.000000 0.895163 -0.445738 -1.526121 0.000000 0.000000 0.000000 1.000000
1.000000 0.000000 0.000000 0.000000 0.000000 -0.469213 -0.883085 2.504791 0.000000 0.883085 -0.469213 -1.505530 0.000000 0.000000 0.000000 1.000000
1.000000 0.000000 0.000000 0.000000 0.000000 -0.492360 -0.870392 2.544253 0.000000 0.870392 -0.492360 -1.483890 0.000000 0.000000 0.000000 1.000000
1.000000 0.000000 0.000000 0.000000 0.000000 -0.515164 -0.857092 2.583131 0.000000 0.857092 -0.515164 -1.461215 0.000000 0.000000 0.000000 1.000000
1.000000 0.000000 0.000000 0.000000 0.000000 -0.537609 -0.843194 2.621396 0.000000 0.843194 -0.537609 -1.437522 0.000000 0.000000 0.000000 1.000000
